lastAccountName: duc98999
timestamps:
  login: 1718515481580
  logout: 1718517287028
  lastteleport: 1718505166918
ipAddress: 192.168.1.20
lastlocation:
  world: sinhton
  x: -178.73617573889734
  y: 64.0
  z: 245.92525828886977
  yaw: 7.621338
  pitch: 46.341305
money: '700751379.0'
logoutlocation:
  world: sinhton
  x: -177.23634706017197
  y: 64.0
  z: 246.53598049749874
  yaw: 42.121643
  pitch: 49.041313
