spawns: 
  default: 
    world: sinhton
    x: -159.3006641369732
    y: 64.0
    z: 214.69999998807907
    yaw: 186.42146
    pitch: 13.9413185
  duc98999: 
    world: sinhton
    x: -217.9041794132534
    y: 70.0
    z: 287.05396561322556
    yaw: 162.64636
    pitch: 22.348509
