world: boss
x: 93.17696421279703
y: 67.0
z: 251.06368718684934
yaw: 4.2657166
pitch: 49.855442
name: boss
lastowner: 8ceeeae5-804e-383c-b8b5-d3c6e1231f1b
