world: shop
x: -43.0119505888369
y: 62.0
z: -29.034982878897345
yaw: 270.44824
pitch: 26.03506
name: shop
lastowner: 8ceeeae5-804e-383c-b8b5-d3c6e1231f1b
