world: sinhton
x: -207.48609148325278
y: 72.0
z: 288.07374226821196
yaw: 81.93643
pitch: 38.936897
name: spawn
lastowner: 8ceeeae5-804e-383c-b8b5-d3c6e1231f1b
